[RF1]
    coeffs = [756.39237, -2.236, 0.00264, -1.11156e-6]
    domain = [400.0 , 800.0] # nm

[RF2]
    coeffs = [294.87237, -0.43466, 2.71228e-4, -6.16802e-8]
    domain = [800.0, 1400.0] # nm